3631 3199
1413 2539
9771 5209
513 8576
9709 5482
158 1934
808 5123
2625 1700
936 717
3602 4395
7144 4716
5144 9403
4284 3800
9498 3600
5824 8716
7230 3276
7358 9431
4191 1782
8051 3226
9590 2210
459 1503
5706 7269
6842 5692
2740 6109
1947 5475
874 194
5294 9768
1452 4738
1279 619
6342 1255
6690 8948
8303 1581
2583 9268
4748 6384
2103 8209
8947 5124
2997 4918
5801 3343
2546 6712
5346 9223
8788 2567
5894 4460
3553 6302
932 2307
2365 2715
889 7138
6161 395
4927 6137
5709 598
6868 8893
1669 1119
318 1213
3636 1565
9572 3789
8286 8370
4505 9761
6663 66
6598 9489
4611 8697
4079 4604
3767 5278
5473 3777
2827 7354
7324 2835
9433 8870
2210 4739
508 7360
3567 3594
431 694
7017 2638
5773 6424
1759 7929
6316 446
2103 3343
3944 1653
4843 3028
5873 5356
2257 5823
1842 1795
1101 8791
9133 5381
1179 5372
6653 6825
309 7458
1766 1696
1612 5395
1495 8952
7676 2235
7311 999
300 6756
8179 9656
9077 1618
7584 3796
95 3615
3758 1218
1812 2925
4260 9064
573 5245
767 6555
7919 1220
3434 4290
9551 5822
4362 4419
3134 9977
430 4201
2225 8787
3578 8037
3733 6311
4009 3889
6974 2487
6805 73
6923 6070
6060 1070
1453 4834
4846 156
9595 1606
5554 28
8702 7675
4361 1125
5526 5566
1542 6144
187 498
3522 2375
4371 4783
7204 1037
8538 6815
5779 7260
2041 600
1273 6978
5441 9104
3716 8340
8416 9270
8059 3192
7683 3347
5285 4831
4384 3760
590 3611
531 4852
9548 4455
3935 5744
4289 4036
1057 6144
5170 8260
6523 3950
2014 3849
8466 56
5820 2953
8297 4534
9866 3050
6439 5217
4350 426
7440 4487
339 7784
659 2358
2938 2708
1513 6225
395 3593
7569 4368
5891 6853
8891 6837
