6347 5853
7659 496
7636 1877
9984 378
7683 990
7391 6678
7836 7575
3345 7689
9567 7974
2935 9592
6172 3980
566 3670
7395 8946
8881 3478
7010 3246
1428 7138
7264 9701
8875 8005
8033 8142
7272 6511
4205 1431
3079 2086
4469 7539
2458 3897
8275 5937
1370 8059
5536 9683
5703 939
5604 9618
4012 7312
8972 4386
8642 4241
2972 3338
9881 160
7829 3711
8861 7014
6628 9119
4502 3078
5891 3362
2802 448
8856 5543
7038 3396
7691 5300
8848 7689
2422 8774
2273 882
9360 8159
9196 3229
7654 9564
7660 8685
1974 3683
4823 3266
5394 3909
4015 1099
542 6849
4935 3059
8431 7173
7628 2116
5020 6487
7508 379
2333 9353
4670 9421
2530 8442
5946 1677
9854 1608
6714 4858
8971 4297
3546 7358
3823 6796
1273 7537
2306 9552
5516 1425
1786 5538
5644 584
7119 5530
2828 525
4448 1903
4324 8111
3986 7390
5340 3848
3544 1031
730 1414
6704 2035
4427 3863
615 7834
7296 3328
342 8576
6792 3895
2117 7489
9731 9808
6221 2645
1722 8
4655 6951
871 24
4879 5350
2377 7693
8930 9595
599 1154
3109 596
6042 4091
1902 6479
2348 5597
1546 8081
6166 9588
5530 8552
9259 3391
905 9201
6124 3082
7762 7800
6366 6150
4805 842
7826 4410
6976 8367
7438 4168
7704 3772
1394 6176
4955 2280
263 3959
5346 3923
8077 6461
