8850 832
1867 6177
7229 4189
8591 7449
7193 7984
630 428
777 870
2186 7190
3131 7278
974 48
84 4504
5612 2930
2824 6671
9832 5039
7061 2853
3375 1316
7492 681
1772 5736
6353 1211
88 8816
6728 7908
144 3943
8509 9670
2747 6596
7751 3022
8320 151
2005 7281
6895 8126
8835 9428
1584 6652
2031 2301
1744 4465
833 5112
8172 4034
1378 4931
443 6545
3702 4009
1216 1782
5994 2679
4020 813
3805 6887
7037 210
5284 1123
5218 5000
3066 5771
6776 469
9350 2453
9580 5737
8796 8057
6743 9417
2140 6
430 4014
8831 1230
4845 6340
4081 2563
9347 1433
1008 618
6670 43
9515 6589
7589 9065
7485 7280
268 4296
7805 5546
1281 2569
8038 5712
8074 7734
9264 4259
4714 9226
2194 2074
7000 2836
262 6858
9933 823
4703 4214
3338 5036
2779 4176
1847 9808
4895 1990
9100 7501
8089 7395
6260 3190
2098 1791
7765 5744
920 8411
2353 783
5736 4243
4131 5760
8031 1882
8221 7586
7905 420
1328 5685
8053 3582
4632 5057
1474 161
8878 2079
1032 9037
4560 1003
9028 5509
5919 9808
982 5759
1152 530
2293 1124
9535 2664
5738 8463
8841 2007
965 3483
2386 5297
6398 5665
4799 516
9637 793
1223 3018
6243 6647
1632 6118
9499 5756
9944 8848
3432 8430
2474 4623
2542 4211
7692 1578
4504 1230
6758 6415
9483 2852
4828 9142
4489 9489
3144 262
9841 2382
5368 8346
5495 8438
1903 7561
8815 7124
4009 1754
5704 1852
3024 9063
1462 8537
5606 2559
3671 5139
3408 4152
6652 1336
9441 3685
933 9727
8657 2190
546 1734
82 9962
4456 8179
6717 5337
6811 8202
8082 5001
2107 2377
7189 5338
32 7543
7922 4670
4378 8061
8773 1303
9114 6782
9794 6704
409 3261
6185 5868
4644 7525
3387 6465
3139 6975
4494 4119
8795 2921
3752 7033
9559 2808
7139 9918
4681 4424
6685 1896
5452 5088
9804 5585
2307 8128
778 4898
5196 7630
4160 6250
2882 7898
8009 318
990 8018
92 5396
8834 1930
7508 4151
1149 8042
4459 7605
8096 3208
4957 932
1882 5043
3286 6957
9134 9119
1988 3291
5576 5288
7242 4101
6532 4342
5246 7452
2530 9744
5670 9011
3604 753
4558 5459
4617 4131
7403 7566
5397 9672
8513 9901
3595 3327
5977 9302
