8958 9158
6567 1699
6615 9398
1551 9091
9023 1745
3773 4540
3410 4089
7439 3842
6806 8706
2305 7432
2087 6481
1842 5370
7618 7017
1379 559
3423 8121
6800 6040
3973 7128
4209 6418
4223 8505
5093 1160
8001 8842
1629 896
6840 4701
9561 1342
1016 4492
4196 4973
8836 3165
1184 7553
4128 3342
9866 70
9591 944
3701 7163
3967 1750
9389 3491
8701 9461
7274 1867
2332 9271
8496 799
6113 1770
4509 5583
1435 8253
2778 3971
1795 9617
7615 1424
3914 7143
5810 6720
4828 9187
5277 6815
1474 9801
9121 540
2827 6197
4874 4851
5431 6915
4102 4228
7211 3174
3335 396
3096 1129
7743 5829
76 48
7624 1779
8473 4446
5541 5908
128 5915
2385 8273
1574 5426
5042 8747
9373 4462
334 880
8399 2680
1895 266
3175 1561
770 657
8490 8290
7366 6494
1608 6519
9672 790
7891 4428
2490 949
4518 6163
4197 7059
3276 7525
8889 8377
4117 1752
5437 1982
2201 6620
8793 9848
8510 8578
5769 8666
4305 5296
4576 9336
4453 8291
6113 1056
6783 494
9718 7633
7431 2074
3346 2102
3206 3926
8926 8287
6017 5165
4187 8513
4445 1530
3085 6967
6276 4809
7196 9681
659 7737
4105 1050
882 6374
8736 8666
7916 8780
2398 8522
