4720 4849
7772 5370
7165 9378
5866 6488
6421 3466
7183 8544
8267 6862
9692 1348
6351 7417
4533 2944
8114 2749
2459 1134
4245 6961
6395 4818
1112 84
4921 6084
4454 3891
6998 4937
7029 5576
52 1302
3885 4087
6822 3144
5259 2537
7832 9038
1998 6657
2461 1580
9321 8325
4315 1922
8151 6082
9041 2411
7535 5433
6826 5747
5207 8522
5989 1556
2164 9705
4859 7135
5115 4545
2052 5403
4435 9236
8434 989
3685 1288
1240 4602
4668 7286
9755 3317
6807 6740
961 3780
7685 3374
5239 4416
7616 3432
7741 614
8631 9663
3621 2843
8878 8162
873 4335
7389 7591
2991 5817
8912 6371
2405 7392
4639 3981
2410 6580
6695 767
3716 230
8099 810
948 6949
2674 7630
5518 1300
1217 5026
5019 576
4126 2414
1263 490
6616 1482
1848 7473
9695 8640
4029 7229
2540 9305
4048 5644
5305 1804
6957 1814
627 9288
3312 778
7714 8571
7475 4645
7476 6206
2801 1991
5857 4881
6438 7006
2526 8505
4970 7238
4232 1412
4403 6791
29 7900
9092 225
4541 9496
5277 6688
9249 5822
406 6564
135 7449
5752 7449
1356 8064
3810 2133
6882 3904
2620 6871
7250 4990
3039 2658
3304 4204
414 5579
7141 9057
4599 6414
6729 4053
9062 1139
1296 7195
5763 6907
9001 1889
7528 9836
5993 6647
341 6163
8595 2072
6512 8987
3573 5962
546 344
7422 2539
6966 1568
6461 1403
8498 6336
2871 1800
8355 4289
7294 3504
1282 1978
5279 4219
3482 6154
7210 7603
2177 5215
1473 6523
9599 231
1439 9029
2474 7201
3246 3385
2272 6506
9526 5394
3013 4607
3113 4220
8608 8310
9914 5608
4589 9885
9995 3247
2355 4810
8001 7807
4565 1466
3284 7831
872 9963
7872 7275
5791 4943
5089 191
2248 6472
4656 7966
9934 2750
7322 6464
6958 5566
4639 6727
2487 8167
3590 6480
6675 2141
3893 5033
2580 3213
4104 4532
864 1462
4105 4123
1240 4504
1119 3309
9648 1601
4172 4977
2788 3001
5573 6922
7531 8071
8810 7282
5640 6905
4440 9711
4508 1255
8819 9013
3058 2446
