7415 6235
4968 9751
9553 636
2615 7613
531 9509
6081 2442
549 7333
6546 9664
9058 2085
3961 7372
4410 8800
5939 4780
471 2919
1814 2837
9773 8355
322 3365
7612 5826
9986 4482
5625 8939
5856 8329
1690 9502
995 1621
6549 5457
2515 2837
8980 6516
3993 6308
7834 1939
8616 2055
6263 4437
8230 2712
1107 8631
4648 2976
6405 2326
8205 2421
5673 3918
3103 5978
5370 9018
5397 256
6964 9281
650 2908
141 4536
4177 5984
8707 207
7270 9734
1284 6498
2554 7519
8704 1596
9289 1289
9831 7411
556 4069
3968 3303
4792 1556
3722 8413
8453 6564
1393 869
4942 7607
2857 4790
3733 5400
6819 5054
2487 5755
6627 7263
474 8410
8788 6814
237 859
447 6569
2217 4493
2364 1914
7890 2341
4631 6163
8306 1033
1262 5449
605 9434
1555 3376
5047 996
9230 3280
2042 425
1761 9754
9992 7489
720 4323
4350 8008
6125 5569
9282 8786
5827 3552
3500 44
6557 1336
2814 6486
2914 1754
6390 666
5202 4655
4626 1712
2551 8067
7233 7252
5429 6996
136 3914
4942 8564
5226 2491
2218 4591
5674 2446
3687 2891
7676 4734
5892 4633
9840 9736
3785 4560
3472 4811
5890 9281
4647 6753
220 5254
9083 1598
7627 6796
2993 7537
4790 3667
2873 5568
6514 4517
8634 4864
7367 3439
4420 7175
465 4396
6359 4319
484 1321
3347 8696
7621 9255
5157 90
8337 7445
7564 8442
3763 232
571 6905
7560 6375
3551 6873
5921 5895
8970 888
1106 5946
4147 8032
9206 6142
8707 7997
8200 6519
5039 5858
8844 7032
4881 2536
2152 6129
9839 512
