2590 4679
7376 4377
739 9806
6159 6018
9716 4940
2092 5538
8073 1897
5336 9238
3668 4749
9375 9765
7058 5884
5594 5022
2140 6288
8518 9759
4891 2873
6053 8903
9875 4912
6924 2424
7723 9544
3313 827
1348 4687
2000 8873
1136 3288
5189 6507
6765 7925
3212 8580
838 702
8822 7284
9721 9221
665 9273
5887 1001
2832 376
4505 2368
4968 2328
8455 295
6030 7623
1672 4265
6134 8295
4645 8957
9905 8755
3702 6697
1463 1198
2799 2156
1829 9964
5789 8565
7017 9635
2348 1428
195 1548
9736 8185
9770 7436
1720 3210
1118 3070
2003 7810
2996 6076
9505 1748
5752 1307
2015 1362
1660 1645
3989 879
5448 4936
1631 816
8338 7927
1883 3162
5830 6541
1384 5360
3085 6591
8246 559
3036 21
4392 1199
8640 7033
1861 2916
9168 4646
8752 4817
3280 2330
9916 5815
3953 4815
9419 2063
8387 1760
6628 3863
5473 7253
2657 228
9740 3024
2754 5219
7015 8068
8807 5173
7842 7814
709 461
8473 3660
6247 9735
1039 8261
7360 2162
5464 6397
694 4211
5958 7337
7810 1001
479 214
4379 701
6115 8150
5115 5866
8354 851
9365 5967
9926 4059
9435 5863
8856 5789
4976 4725
2817 3332
7497 5218
4282 275
7502 7834
7385 6143
5492 560
695 7327
7442 1661
1589 3902
9615 3428
8420 5996
8949 1623
9639 3577
1061 2785
8321 1109
5175 1854
4138 5660
9764 2383
4096 2397
6149 3771
9395 3946
6029 9176
2714 1048
7577 1700
9718 4208
