3989 3377
323 2880
77 249
1733 691
3543 5719
2672 1650
6969 9246
3882 6824
2747 8764
665 5820
9154 930
1102 5112
2304 8079
8449 1327
7246 6423
3889 8796
8400 1753
5941 4001
7351 938
7741 3789
9334 3025
3971 829
4677 2412
1960 4626
9691 5576
1506 1238
7748 7586
8324 5335
6701 7462
7913 1353
850 7406
3860 7773
1195 8963
9693 5772
1336 1602
1052 5770
2087 9882
5457 2781
1906 8357
3378 5726
4840 6301
7154 6532
7820 9366
1884 7028
4258 8411
7298 1985
3987 445
9423 7485
1302 4387
1146 8209
2059 1188
3294 2692
3691 5531
571 8224
3316 2279
1808 761
9007 8864
6103 2621
6076 9082
2193 5298
8868 7112
1861 3359
3538 3767
2328 6339
4711 9113
6660 793
7850 429
6889 3314
4819 9269
1417 257
6903 309
8523 8721
2410 2667
9607 7330
3199 2663
6498 2152
6496 9279
5432 185
3123 1222
3962 6794
6693 4521
9228 1012
4943 1260
41 375
4263 6602
5605 745
2594 3988
5527 500
4684 4607
9360 7261
1627 8819
5394 8532
8071 4315
8721 345
2953 7606
7263 8242
6512 6114
9163 8772
5095 1294
3120 218
8320 3834
9605 6808
8559 22
8540 461
4008 999
8911 1844
8355 2451
6807 484
5901 3017
1568 3462
5370 2893
4072 8404
9979 4511
3706 1335
70 6371
560 3023
5093 8985
1601 6222
6824 2880
3102 1761
2715 5989
4161 5472
9420 5285
175 5951
1766 7223
3324 1286
9785 4320
8968 148
2785 954
6998 6920
2213 7388
6506 8820
1888 4190
8909 2263
4436 5085
2879 2074
7216 2026
9326 3960
9482 151
1649 1722
8580 6294
5574 9905
1564 3809
9650 5676
9738 1228
8881 1009
8167 3550
6018 9503
467 1585
189 1772
4747 5911
9126 3983
7466 1903
6332 2145
2019 7096
9938 2218
9276 4899
3977 822
7383 2366
9092 9231
2733 2328
668 9592
1273 4882
2701 9884
5866 1748
6960 7563
2659 6481
7574 5435
5960 2898
5619 884
9952 4155
8941 2709
190 7431
5933 8295
2158 8125
413 8031
8052 5958
5686 7890
5292 3781
2209 7242
6237 5162
6537 4419
3325 6836
5277 7467
9690 8656
7432 8305
149 7892
1935 9764
5186 8117
4930 972
3965 355
4428 6438
584 9664
9161 8658
7453 2276
3160 6613
8605 4234
4141 9079
50 4043
2363 8777
