8879 4923
2975 7091
6617 975
150 9961
2371 7411
1291 6986
223 4075
1782 8613
3086 2559
7214 9059
4556 9687
9429 3007
1185 6350
9718 3010
3101 5325
9598 1824
146 4474
5891 7496
3199 388
1704 4571
1230 5484
5632 8850
6113 2802
910 9057
9431 704
5186 3319
1931 7098
6338 3935
7476 3842
6273 483
5158 5275
1353 8170
900 4063
9500 4699
1156 218
1950 8352
7306 9545
8551 1562
7389 3734
8271 8183
2092 9045
1444 8183
4725 9191
5163 1522
9491 5212
2687 7268
8226 4104
1490 3347
1490 5439
4245 7867
9771 5551
3811 7440
9629 6865
2087 9010
6768 8721
8087 7547
2629 2726
7475 4329
256 8851
959 1086
5951 9718
3676 406
85 3725
5667 3579
2149 750
9872 7990
5050 250
7999 71
9524 1971
6616 5057
6862 147
6664 3025
5177 3403
5503 4503
1172 2434
6269 2889
8424 6103
4506 3436
6784 7061
7287 9815
9011 6837
4077 9238
7757 7212
185 9215
9228 9777
7022 2230
2230 6454
6728 442
9564 5462
7708 7948
3100 6318
6900 5365
5162 76
7023 5902
3812 1534
9775 9728
3213 4030
5452 2879
4150 3401
3565 7180
3856 5887
180 9182
6132 4936
9381 8445
8650 4156
5462 761
6479 4831
3320 9119
7128 7598
5684 1697
8633 2647
2086 7128
6241 6121
1858 2922
9852 5117
809 5253
6746 9338
6763 10
3985 4650
943 7320
