1163 424
4151 5923
8028 3538
9471 6166
9814 5547
6112 2384
2719 4298
2097 7036
9097 9361
9711 1860
5647 8162
728 2836
9313 8134
2257 1312
2070 3253
2044 4780
712 4055
419 2150
7048 6154
3308 2877
8093 7265
7652 6386
1876 2182
5860 9559
1682 258
4881 2986
9750 4669
7050 5245
1533 8718
1312 9849
6373 8315
3711 2557
1744 1419
3646 9448
3619 6449
9684 5655
7667 3891
9027 7234
6180 4079
816 1606
2029 3742
8079 1465
2267 7511
3432 8621
696 1382
8568 7540
1220 2457
27 465
9688 8762
6524 2549
5171 2715
433 9428
4570 6741
7899 3831
1516 9150
423 146
9311 8064
1711 2833
2615 6016
5670 2827
5999 2561
1715 6679
1763 5731
2385 3933
7050 1720
6924 2162
616 7193
6992 2243
8447 5401
7366 8531
4355 8938
6809 7643
2183 5302
1734 5455
1641 9023
9960 7864
2448 1356
2695 9853
4083 2650
4191 6036
1998 9288
5298 5013
740 8349
4497 2469
9709 1916
4782 6952
493 6563
472 874
6933 9254
2348 322
528 541
2343 5574
5158 5025
7583 5591
5439 6022
7869 3835
2580 32
6148 8880
1764 4629
5774 1486
3717 4930
4027 1644
2323 7794
7971 7829
2228 3224
6765 2121
413 3759
1296 3595
4717 425
2223 212
3579 8982
9824 9931
5731 5937
1003 695
9047 8558
3387 8959
7607 6649
4396 8952
3185 9338
6612 6543
9898 7886
1405 8986
1470 7995
656 4609
7104 1338
8923 5550
4838 4021
1676 9960
1692 9963
425 8950
2571 1262
950 780
9618 3983
8834 4526
8800 5823
9995 3094
3442 4570
1761 6045
9687 4543
72 1798
3991 2672
4281 2597
7261 4437
4592 8268
5329 6064
9007 71
3177 1036
5417 5925
1457 9717
6651 6111
2604 3333
8941 609
5125 3929
8842 135
282 4727
8181 6572
5655 9533
8781 3644
8214 3526
1009 6110
8318 5404
1812 5291
8375 5121
5871 2203
9675 8635
2270 9413
9724 9944
328 2086
4393 8851
391 9240
8096 9057
233 3879
6227 6984
246 4418
431 1911
6732 1584
8689 3423
1582 5793
4436 1652
2028 4633
