1309 572
258 2793
5667 3026
9546 4685
8038 6436
1687 5796
546 9517
4307 4432
3225 7404
2185 850
1577 2654
2462 9537
1757 7936
4795 6020
9492 2349
3916 7439
4463 6573
8771 2402
3810 2729
8736 4805
3096 1339
4391 3757
4115 9169
9740 96
1985 9925
2783 7878
8087 9884
1805 3573
1755 1472
2775 9671
7054 3215
9612 1335
1293 9598
940 2451
3780 4447
7904 3101
9209 4425
8468 3434
1131 3569
7158 9171
945 1551
9032 424
2506 5971
6663 2187
1105 4334
1672 7978
5672 1784
3308 7290
4332 6508
8199 9596
3176 8538
6846 5692
5231 73
8024 8150
6841 5265
8433 3498
8925 1353
392 5624
1839 1127
9934 3225
3772 6572
4332 7445
4733 6218
3667 5072
273 181
2174 809
5747 6941
4524 8077
3824 8224
4654 1989
6439 5574
3212 7780
1131 8935
3048 2819
5711 9659
4371 2444
4615 6966
7018 5062
3932 7396
5551 4673
5844 7423
1940 1815
6268 2584
8615 2939
573 3519
6902 2051
7371 2772
4711 2250
6418 5703
8819 2223
7587 2394
7825 702
6960 4032
3524 9458
5152 9667
6279 1001
2272 1916
7442 1354
6905 7142
5572 9539
3180 6447
3339 4669
6921 2736
6354 7260
7963 1098
8017 5668
4377 7105
8544 5016
370 6193
1427 7607
1883 5448
3988 9195
3382 4073
9257 4896
6563 5225
4911 4604
9025 3302
6647 9731
941 3444
2259 5542
3635 7790
7768 9591
9883 881
6767 7828
4374 1845
6978 60
8030 5426
1695 5812
3852 6735
2473 6303
7628 7020
7655 405
988 1199
1013 5176
1553 5067
8321 9151
9386 340
8197 5321
2799 7723
5674 2126
5192 2059
4459 6149
8866 1156
2654 1190
3944 5094
7261 571
1285 5888
490 4964
2592 1471
705 1663
1175 6659
9167 6963
4267 3766
3509 5715
7839 9065
1911 3594
9910 1156
602 9072
522 1376
6714 7460
