6119 5174
7779 3300
2771 7770
9563 4759
8997 2434
5909 724
2024 7999
9505 2002
136 4843
6830 1929
4009 5069
5964 6211
1661 9831
77 8993
2538 8392
9739 7935
4800 4787
6883 3166
5276 6732
3327 1449
6221 6909
6710 4292
2068 7687
5323 4376
974 4144
2373 3156
9960 8992
8847 1562
6276 3543
9462 1729
974 6332
5621 2312
9232 2637
648 7780
8514 7894
4601 2909
8530 7929
7963 3268
4449 5355
7533 6046
4526 5853
8626 3917
5835 8260
3174 333
5445 6818
4198 6470
6006 7680
2626 226
6053 6399
8232 2035
3353 726
7365 7796
5867 1556
7928 8174
7658 5047
3240 648
2754 1280
8918 5540
8541 6989
9851 6
4233 3694
5288 1713
2010 4102
1130 212
495 3072
4130 8975
6348 9841
2265 7353
2962 2432
5928 6018
3197 2913
9500 8291
8643 996
1663 512
8254 8531
7696 1604
9771 3234
3131 4843
3006 5537
8399 8087
6582 8228
3754 2436
6100 2840
6522 9455
1347 6122
3933 724
2350 6059
6702 8796
5447 6244
8885 3543
3910 7635
6688 3099
6774 3597
6202 8371
1451 465
110 4667
5698 852
777 9022
8169 4126
6742 5405
1934 7105
7749 7717
4198 7183
7846 76
6104 8474
705 6300
5972 6668
2461 1561
1634 514
4129 7659
4512 4159
6589 7484
3161 9339
417 9884
1278 6883
2215 655
899 8390
1693 9309
7409 4561
4656 9639
1414 283
3363 3969
2885 7710
9580 5413
4311 1203
1340 4989
6314 4643
830 7605
1380 4958
5203 795
693 7221
6537 3563
8371 3067
3996 8792
111 5278
8694 9794
9461 251
2185 1652
7260 8735
884 2632
7576 5908
4520 507
495 4245
6292 2496
5112 4958
9444 3570
3477 9555
3654 2769
5106 6880
3106 6277
