94 4776
968 7924
6651 9571
7968 8145
8752 6215
3284 7382
2297 3894
6556 8604
2179 4316
7224 9481
3771 3248
1448 6223
339 8020
3696 4150
7539 8529
5028 5826
1760 6500
6302 4555
4958 3712
5699 3283
6284 4703
4131 6490
1844 8281
673 8727
747 4683
6281 303
3647 6018
7133 372
631 5170
5806 9240
3287 6684
1331 5195
2494 9696
7005 7928
2851 8578
1042 430
8499 7463
1142 8400
7175 7464
1164 8067
1076 2116
7946 6195
5996 7734
4914 7863
6557 7385
5314 597
5793 4620
3370 7883
253 7447
6501 5305
9560 5546
7313 4351
775 6903
5974 2273
2946 3250
9084 1311
2168 3133
974 47
4999 9210
8842 2721
6545 8952
8690 6610
4997 3914
4170 1045
4758 1283
3158 8383
429 2255
5419 5371
2004 5589
9495 5300
5258 5269
4246 3469
2898 3725
4117 2179
722 6299
5641 941
4296 2693
6299 696
1807 266
1880 7118
4395 9126
8662 460
3018 3472
1303 3827
6197 7245
4413 2596
4976 6946
9256 9534
3372 4156
401 3832
455 5357
5334 5619
9791 5007
7925 8748
2391 7366
4466 5363
1008 2327
4554 7912
5814 1823
1254 9966
3240 9969
6654 2668
8011 2110
5438 7178
8187 5092
1605 2793
1407 6808
2061 1823
4545 3284
8499 9959
7742 9879
2662 8523
3141 9497
6451 2145
2664 6799
2512 8685
7534 8152
4698 819
1538 5815
8751 6003
3741 2530
4598 4123
479 6343
4567 7708
2030 7175
123 3599
4284 9447
6964 3922
8887 5147
6775 8803
7177 7625
262 941
4065 9993
5157 9634
6999 589
2723 71
3724 8336
5767 7085
4204 2433
8621 6945
4738 2185
1532 4261
681 4218
6175 5691
6142 8056
4611 3953
7990 6608
4016 5466
2422 8094
3658 8824
7810 3884
5685 9113
5539 4018
1659 8957
8491 9913
7453 4597
6598 4118
5043 2079
5622 7337
3723 5264
59 6653
5779 3021
6971 9809
1072 5143
5958 8081
7972 9318
232 2673
1866 7475
6762 8491
5860 4239
7008 8613
7095 1807
4159 5315
4025 5050
1669 1898
7954 4554
9977 1052
2889 6316
186 5588
9716 8119
4681 2978
3401 6880
6101 918
3583 3389
991 1234
131 342
1540 2668
8118 8204
5667 2130
2888 273
