7786 2156
4856 8998
4327 1100
3648 4302
2075 7111
8706 3314
8729 2843
4730 7825
9456 7618
6947 8122
5771 9952
3541 4685
314 7110
1120 9209
1254 3373
436 5660
5412 7913
3520 2010
8359 758
3336 8198
6087 8627
4218 8715
660 6192
3182 1752
1 6627
3376 7957
9184 547
4266 2490
1176 2848
9838 7913
7784 9076
4901 7684
4876 1820
7960 9725
6714 2083
9171 5423
8784 7764
3942 6090
9488 4341
5730 4212
9602 9243
1497 7883
9505 8541
1057 2647
9174 8455
7049 4675
9079 2148
8078 4681
321 3898
4841 5404
4291 443
444 6343
3886 2174
2863 9719
799 2416
8779 3163
3954 4532
3235 3114
3136 4422
7674 3833
7295 90
3359 5890
6360 3593
5361 4302
9834 8214
2296 7045
8228 9107
3397 5558
2382 5772
495 1454
3500 5789
6568 4074
8220 3258
7745 7404
943 6053
0 5278
1901 4560
9734 7473
7251 9191
5752 6898
4942 5705
5289 1635
6557 7181
7090 7717
5003 4799
7512 5343
764 3467
8896 1084
7946 994
6413 3287
6399 2291
1013 3242
4739 7865
5957 7361
9744 9895
930 96
741 2992
3610 8288
4298 1080
1672 9284
8985 5982
1107 4811
6191 1332
2087 7890
8368 1089
980 6983
994 8420
3844 4813
7320 8708
5710 7722
3119 3044
4783 4206
8113 886
3314 9178
2053 7474
8461 3207
4744 6024
7111 8688
4522 8691
6851 5099
887 1577
9705 3768
5515 265
7133 236
49 7422
617 453
7851 7320
5627 9166
9052 9144
1417 3713
950 946
9600 7952
2623 6947
3530 9704
3399 4541
3079 290
6444 2212
6594 2106
9093 3357
7174 4354
3233 895
7765 2909
7282 950
1829 5564
1308 9120
8594 4088
2525 2921
9361 3759
6774 6736
8127 9074
2345 971
434 8736
5435 7257
6630 9039
5802 9125
6479 4873
6484 1902
2147 675
4740 3985
846 3346
492 2920
1325 4587
657 3822
9764 4423
2013 422
8142 8382
8035 3328
5609 1515
888 3509
4716 4853
