5528 9674
6633 6748
4671 7378
5645 1820
3801 5478
4536 3550
5232 6379
8260 5874
4829 7291
630 1047
2624 2219
9492 3322
3172 3082
9494 2212
5327 902
4274 4384
3526 7334
7950 9787
1010 4124
6783 2856
9046 2314
4741 3067
4911 1691
9857 3587
8890 927
2597 5281
1392 6586
5698 4545
2801 2001
2007 3479
2883 6223
4181 5476
7357 9560
6476 5588
7712 5520
8298 2373
2076 5002
1570 8177
9757 4922
6681 6157
7897 2113
6432 2242
699 9343
35 160
9986 4920
2531 8595
6473 114
6121 750
2168 419
3473 3931
1487 3753
4829 7184
1112 9900
6169 5085
4786 5217
433 2362
7464 6634
8589 5092
6974 7084
5446 2320
9099 8007
912 782
4713 1272
5750 8894
7157 241
4430 3000
811 5125
5730 645
3288 4988
5219 5118
6817 4372
9514 7979
791 3581
9148 198
7249 6553
107 328
545 9688
633 268
2623 1474
3793 4373
3000 7277
6088 1220
4014 5501
2301 5757
9090 394
2663 8942
2400 2190
6884 9074
1263 6047
6706 4274
1680 207
9223 5029
629 8681
2303 2813
801 845
8119 7478
8493 3289
219 3122
5382 8642
4904 8136
7071 918
5729 6524
6334 3956
8864 3309
6162 818
6178 95
7504 3396
6816 6692
7503 9556
7600 1647
