6602 4411
206 2889
3347 9627
6048 8956
5333 7454
3663 5513
7903 7970
5365 5060
8520 1468
3439 858
8901 8542
1116 5574
8 8875
7204 7158
7557 1227
8578 6987
8855 289
6478 762
8746 4725
222 5140
8790 4594
8617 6382
2669 1263
5450 6981
5012 1241
6814 4908
2239 2422
6781 1016
8560 2957
2644 1656
1331 9967
3198 5050
8682 2968
9132 4766
6320 2796
5730 1518
2962 9785
5866 284
7014 8967
3484 6556
4102 513
56 9686
7440 8958
4666 1658
9928 9065
2380 3169
5569 5530
473 9230
919 9511
4387 6763
9377 452
3798 850
6776 9914
9834 8689
5380 3564
817 6547
3478 8854
4117 9877
9605 4777
6596 4038
6974 7691
0 838
1979 8840
1737 4895
429 3699
1104 4949
2601 3163
7853 7294
6077 1495
54 443
5212 3828
6372 1419
5722 4731
2519 3670
2444 256
6384 9672
7601 5573
22 9487
5358 6213
4397 11
3190 6635
2364 9194
7057 7213
436 3984
515 6145
7792 9952
9703 7923
8258 7212
1856 9830
1502 306
9184 2173
3679 9459
3593 3823
7022 8500
2923 4083
6620 4241
7101 9564
1210 6037
447 3346
7661 4036
2337 4464
6639 878
1897 7424
2613 7056
9208 3065
4076 1014
1859 6451
7278 495
8789 8412
281 4100
6857 6114
248 3087
941 6901
839 584
4513 6375
1062 2281
6935 7034
8031 7424
295 8900
1 863
7911 9013
1853 8560
3403 9153
5924 169
4503 4876
8041 60
5997 6900
8194 8048
415 8091
3557 5023
2168 7552
6887 4496
2626 8299
8308 7515
5782 4023
4993 9738
2467 9706
9766 2384
6204 535
7670 1790
9617 5523
7333 3
1944 1546
3613 3037
4652 3038
9939 418
932 6500
6367 5977
2799 2065
7502 5661
8957 9798
7701 3735
1621 6206
5476 3760
4948 4948
2878 9518
4673 2160
5852 2316
2042 1809
2631 5843
322 9173
1534 47
6974 9308
8457 6863
6050 8695
2738 8941
9799 8509
2949 1343
1226 7441
9202 601
7393 6263
4458 3992
5603 8532
3570 2302
4783 6784
9261 6279
7217 6682
6306 2896
5788 1895
7996 9849
1305 8947
8593 9025
2576 2998
508 7601
3476 778
7356 5883
7639 392
7594 5288
3078 956
8778 4048
