5927 4101
7154 4077
9302 7681
6519 6839
213 8722
5665 5716
4196 5981
3224 7623
206 8611
4658 7808
7858 3410
1062 160
8214 2496
8980 4161
5550 3847
6578 7526
7303 8191
799 7612
8833 8931
672 8688
4543 9275
3778 7061
6910 9153
9195 9239
7823 2377
8366 7753
9341 9455
8422 6680
3874 7429
7909 8275
3186 4418
7201 9776
7488 2385
5281 8899
9394 609
5141 4173
1898 7410
7427 6415
3048 5674
6845 8644
8028 8813
5123 8940
5628 4858
9051 4806
8165 8463
681 6734
8263 6953
9140 6260
5593 9919
497 8662
2503 1461
4149 9521
7031 6927
5401 8840
9261 3134
7870 2318
5366 5862
3009 447
5545 7220
1150 928
4602 7666
5240 9698
5517 8670
7263 4602
9621 1253
5071 9103
1695 7164
1072 7571
3661 6133
9228 1358
3352 6181
8622 2165
9182 4427
6252 7936
3179 117
5899 5877
8360 2236
3996 4538
1767 8645
3805 2932
3833 5248
9510 9849
835 4223
7713 7894
6315 9816
4317 2354
4847 3763
4168 2907
3390 8506
9990 5143
8739 6503
626 8133
1671 7540
8469 518
5741 2533
6261 503
1767 6216
3749 9001
6470 7308
1220 7357
4813 3827
7332 2125
4252 126
7297 4370
7374 1617
9521 8750
5799 6792
5383 8864
810 7334
9131 6085
1251 734
7842 858
3835 468
233 3924
7766 7643
7294 6379
2540 6984
7800 3152
5048 8880
4572 6545
9024 5875
5082 1944
3709 5388
2526 5004
9679 8838
5099 1042
8937 8658
3194 3354
7226 333
6205 7910
75 2662
5545 9971
7674 2981
1997 3217
3749 9564
9424 2023
8398 5675
8711 3855
4151 5522
2237 6479
3122 1829
7425 9610
214 9711
1423 15
782 9678
7800 6641
7560 2941
1966 3911
9955 5743
6929 5905
