9320 404
9977 2411
9062 9649
84 727
5730 6313
1806 6614
1164 3656
5717 2628
1381 9640
2633 1899
5787 5196
4681 3682
6253 709
9615 7985
5593 438
5806 1729
2854 1305
2701 391
83 4805
6792 2595
6066 1882
634 4602
5751 5982
1967 7549
4388 844
1710 6616
5993 8914
8423 606
7946 3253
6250 581
6976 7086
2680 7623
8422 1735
5595 4719
2167 5145
8699 6085
9289 5235
5386 6232
4813 20
5513 5147
2622 4483
5148 4741
6233 7892
4183 6188
2432 9132
9588 752
5001 1798
8952 9294
5594 351
4165 6703
511 7925
8883 7043
7811 3837
5915 2120
9571 3579
4545 6954
8215 470
3618 7318
4925 5824
2255 1210
5478 99
9480 3793
4391 9428
2000 6369
4433 4074
8057 3320
1383 3747
9825 7585
8533 2392
7855 8033
7592 6521
4902 8712
3489 2778
1350 3029
7565 9761
7058 8116
9929 9468
5661 3815
2614 6131
800 7204
4167 6144
5064 1463
9942 3131
7222 8663
7716 5051
2596 2378
9918 6513
3974 276
8377 1449
7185 7792
6555 5027
6327 9393
5781 1940
6277 769
7210 4895
2452 9939
631 2957
460 831
3058 1383
874 5
3239 8626
4868 209
7835 6797
1227 5030
9910 7074
2537 6578
6955 7781
184 1272
6705 4482
6115 4978
3849 2063
6702 3615
4374 9399
1161 4244
3791 9536
7979 7995
279 1838
3442 8800
7404 90
3409 6058
733 807
3933 3536
9792 6148
4551 9589
667 8173
1026 5858
4821 8823
2824 9517
6338 5584
2074 3058
