5410 1990
7350 1943
5846 7944
2984 5183
5555 267
7061 6340
5216 6217
1394 2757
9873 7554
9950 7560
2301 2835
9036 9591
5090 1959
6917 6296
4486 6851
7417 4428
999 9159
9701 1829
2098 748
795 5600
4939 4449
1423 1027
8972 690
537 7517
9041 616
5349 1679
6979 6934
2471 3156
8869 6853
9145 7943
2825 7896
386 6379
3944 6895
7031 595
2535 7778
6791 4610
2860 8792
1790 4493
3462 7779
1079 2981
1479 9361
9445 7087
4836 5425
3344 1567
9928 8782
8551 1660
5986 5987
9770 568
484 9185
917 1516
8146 111
1241 4969
161 1873
2470 335
2754 9053
6074 5554
5940 1209
5387 7091
7517 3516
6439 9731
6437 1817
3208 9384
1714 5834
4366 4212
2542 9647
5256 6511
9740 7227
4269 9874
2653 206
4023 1797
3066 882
8090 3909
2681 8424
579 9453
2135 4025
6705 1504
3629 9665
3071 6562
5090 8484
7217 5279
5279 8190
6897 6989
5769 6027
7524 9782
3102 4406
6229 1193
8302 220
6729 8161
7758 2764
4534 8902
9050 3657
5497 9027
6458 3274
9555 4955
2878 7312
4404 7792
7758 6177
4153 4037
8757 2743
2613 2844
4778 1193
147 7077
9099 748
6769 5978
4333 3489
7865 193
7879 688
1915 1548
6699 7441
971 1204
720 6182
476 1738
768 6646
2077 5988
4262 426
2249 4600
4890 4098
6299 8278
7608 2935
3386 2642
3199 5202
1674 1409
4260 6095
6532 357
5811 4184
2049 6547
2831 6566
140 6038
1877 7956
3687 349
8571 9569
1204 6627
1551 9848
8331 7058
3676 5281
6559 9500
2464 329
2860 2384
7225 2270
6713 9136
