7547 4393
1066 6973
9300 6995
5238 3813
1349 1057
6923 1629
5224 1429
4859 6823
5601 10000
4607 153
906 2179
3514 9069
7867 4470
9725 1238
2035 1515
4482 9760
3402 2188
3564 5578
9018 9730
9773 9068
7995 2570
5932 7372
4146 2977
4593 3867
9679 18
3376 6101
3196 7604
4242 3667
8150 2746
4032 6855
3735 1410
1042 980
8459 6992
7221 3865
4788 235
4930 6258
6773 966
407 2094
3884 9903
8208 9905
8874 7560
7085 6524
2177 5620
8088 8401
7733 2506
1209 939
8326 5250
5473 1864
1646 3778
2766 6901
6959 9668
5729 356
4576 8758
758 3563
4204 8805
7303 3716
2091 2585
2037 6319
2526 7281
5090 3915
9275 6538
9087 2525
1450 4898
7795 5834
7260 3042
5908 7929
2912 5730
1388 9176
3480 458
8099 4893
7008 893
114 6091
4902 1387
5087 2340
5539 6688
5430 6031
5862 9156
6265 9720
7109 1893
630 7836
3870 9014
6782 6643
2025 5045
3082 6605
9248 2254
9719 1264
2352 7614
3048 4585
8943 8567
1922 239
1052 1726
6019 7361
6261 634
9521 3391
4536 9990
4046 1586
6078 895
1981 5563
1240 3865
1290 4862
1185 936
9520 822
4594 465
667 7775
8177 6188
5529 9235
7769 3795
4133 1777
6304 748
2773 530
4958 3098
8463 464
8556 5539
2175 9450
661 7
8648 7632
8087 7782
2507 9713
3577 963
9613 5924
1464 5370
402 4284
6480 6579
9076 4113
6684 5863
3464 6940
6224 3958
8001 4102
6944 3668
7515 9900
2875 4144
7991 4268
6915 6532
9803 3958
118 5918
1475 6320
8086 556
4301 9956
3877 9813
1393 2572
9742 3498
3717 3298
3654 7683
872 8262
3922 725
2570 8924
3914 334
2202 9136
2603 9743
8381 7082
5180 2922
1184 7247
9443 6364
8069 9778
9013 6912
4814 7190
9860 4779
4713 2240
8894 1010
8836 6044
5066 2127
9251 1175
2338 8365
639 6811
342 7605
7130 182
3435 3524
4490 6646
6721 4250
9153 2600
